T mean: 43.86190009794319
view_1 a01_s01_e00 44 [6, 11, 19, 27, 31, 43]
view_1 a01_s01_e01 47 [3, 9, 16, 23, 32, 41]
view_1 a01_s01_e02 64 [8, 20, 30, 37, 46, 58]
view_1 a01_s01_e03 51 [7, 8, 24, 33, 41, 42]
view_1 a01_s01_e04 46 [3, 10, 17, 23, 35, 38]
view_1 a01_s02_e00 25 [1, 5, 10, 14, 18, 22]
view_1 a01_s02_e01 32 [3, 5, 15, 20, 24, 28]
view_1 a01_s02_e02 33 [0, 9, 12, 19, 23, 30]
view_1 a01_s02_e03 31 [0, 8, 10, 18, 21, 25]
view_1 a01_s02_e04 19 [1, 3, 8, 10, 12, 18]
view_1 a01_s03_e00 25 [3, 6, 10, 12, 18, 23]
view_1 a01_s03_e01 53 [2, 14, 23, 28, 40, 47]
view_1 a01_s03_e02 51 [7, 10, 17, 32, 34, 46]
view_1 a01_s03_e03 41 [0, 8, 17, 22, 32, 38]
view_1 a01_s03_e04 54 [4, 12, 26, 31, 41, 49]
view_1 a01_s04_e00 21 [2, 5, 8, 11, 14, 18]
view_1 a01_s04_e01 41 [3, 6, 16, 20, 32, 34]
view_1 a01_s04_e02 44 [1, 9, 21, 27, 32, 37]
view_1 a01_s04_e03 58 [1, 9, 23, 37, 44, 55]
view_1 a01_s04_e04 31 [0, 9, 14, 18, 21, 30]
view_1 a01_s04_e05 20 [0, 5, 8, 10, 15, 18]
view_1 a01_s05_e00 83 [11, 15, 34, 47, 63, 79]
view_1 a01_s05_e01 54 [1, 14, 26, 31, 39, 50]
view_1 a01_s05_e02 51 [5, 16, 18, 26, 34, 45]
view_1 a01_s05_e03 51 [1, 9, 22, 30, 36, 45]
view_1 a01_s05_e04 46 [2, 13, 21, 27, 36, 41]
view_1 a01_s06_e00 36 [5, 8, 13, 19, 26, 33]
view_1 a01_s06_e01 35 [3, 5, 14, 18, 27, 33]
view_1 a01_s06_e02 28 [0, 5, 10, 15, 21, 25]
view_1 a01_s06_e03 21 [0, 4, 9, 11, 15, 18]
view_1 a01_s06_e04 24 [0, 6, 9, 15, 19, 22]
view_1 a01_s07_e00 35 [3, 10, 16, 20, 23, 30]
view_1 a01_s07_e01 31 [0, 5, 14, 16, 22, 30]
view_1 a01_s07_e02 35 [0, 10, 11, 18, 24, 30]
view_1 a01_s07_e03 39 [2, 12, 17, 24, 27, 32]
view_1 a01_s07_e04 34 [0, 9, 15, 20, 27, 32]
view_1 a01_s08_e00 84 [12, 22, 30, 53, 66, 71]
view_1 a01_s08_e01 38 [4, 11, 12, 22, 26, 31]
view_1 a01_s08_e02 442 [8, 96, 169, 231, 340, 429]
view_1 a01_s08_e03 144 [1, 40, 70, 74, 112, 142]
view_1 a01_s08_e04 34 [2, 8, 14, 17, 25, 33]
view_1 a01_s08_e05 63 [3, 15, 30, 31, 47, 55]
view_1 a01_s08_e06 27 [1, 7, 10, 13, 18, 22]
view_1 a01_s09_e00 37 [5, 8, 17, 22, 28, 32]
view_1 a01_s09_e01 38 [5, 11, 14, 19, 26, 31]
view_1 a01_s09_e02 32 [1, 8, 12, 20, 21, 31]
view_1 a01_s09_e03 35 [1, 7, 14, 17, 23, 30]
view_1 a01_s09_e04 25 [2, 7, 9, 13, 16, 20]
view_1 a01_s10_e00 36 [5, 11, 17, 23, 27, 34]
view_1 a01_s10_e01 36 [3, 9, 14, 21, 25, 34]
view_1 a01_s10_e02 50 [2, 9, 21, 28, 34, 41]
view_1 a01_s10_e03 36 [4, 10, 12, 18, 24, 32]
view_1 a01_s10_e04 70 [8, 13, 27, 44, 48, 60]
view_1 a02_s01_e00 55 [0, 13, 25, 32, 36, 45]
view_1 a02_s01_e01 59 [6, 18, 20, 36, 40, 57]
view_1 a02_s01_e02 69 [4, 15, 29, 44, 48, 59]
view_1 a02_s01_e03 76 [10, 14, 37, 41, 58, 72]
view_1 a02_s01_e04 31 [1, 8, 10, 17, 22, 30]
view_1 a02_s02_e00 57 [6, 10, 25, 28, 40, 54]
view_1 a02_s02_e01 35 [4, 9, 16, 18, 26, 30]
view_1 a02_s02_e02 53 [3, 16, 25, 26, 39, 48]
view_1 a02_s02_e03 41 [4, 10, 13, 20, 30, 36]
view_1 a02_s02_e04 36 [3, 10, 12, 21, 24, 32]
view_1 a02_s03_e00 86 [8, 16, 32, 50, 68, 82]
view_1 a02_s03_e01 50 [5, 11, 22, 29, 38, 48]
view_1 a02_s03_e02 50 [5, 8, 23, 32, 35, 47]
view_1 a02_s03_e03 56 [5, 16, 25, 36, 44, 50]
view_1 a02_s03_e04 51 [6, 15, 21, 28, 39, 45]
view_1 a02_s03_e04 51 [4, 13, 24, 29, 40, 47]
view_1 a02_s04_e00 51 [5, 16, 20, 30, 40, 42]
view_1 a02_s04_e01 55 [4, 14, 26, 33, 38, 46]
view_1 a02_s04_e02 29 [0, 5, 13, 18, 22, 27]
view_1 a02_s04_e03 28 [0, 4, 11, 16, 22, 24]
view_1 a02_s04_e04 44 [5, 13, 20, 27, 30, 37]
view_1 a02_s05_e00 26 [2, 4, 9, 14, 19, 25]
view_1 a02_s05_e01 58 [2, 12, 22, 31, 45, 50]
view_1 a02_s05_e02 30 [3, 9, 12, 17, 22, 25]
view_1 a02_s05_e03 41 [2, 7, 19, 24, 32, 39]
view_1 a02_s05_e04 31 [4, 6, 10, 18, 23, 29]
view_1 a02_s06_e00 32 [3, 7, 14, 20, 22, 29]
view_1 a02_s06_e01 25 [2, 6, 11, 14, 18, 20]
view_1 a02_s06_e02 25 [1, 4, 9, 12, 19, 21]
view_1 a02_s06_e03 35 [0, 9, 14, 20, 27, 33]
view_1 a02_s06_e04 25 [3, 4, 10, 15, 16, 21]
view_1 a02_s06_e05 27 [3, 7, 12, 15, 18, 26]
view_1 a02_s07_e00 34 [2, 9, 13, 21, 26, 31]
view_1 a02_s07_e01 38 [2, 9, 15, 24, 26, 31]
view_1 a02_s07_e02 35 [0, 6, 15, 19, 26, 30]
view_1 a02_s07_e03 53 [2, 15, 23, 27, 35, 48]
view_1 a02_s07_e04 45 [5, 10, 18, 28, 35, 44]
view_1 a02_s07_e05 39 [0, 10, 13, 22, 27, 32]
view_1 a02_s08_e00 27 [2, 4, 12, 13, 20, 24]
view_1 a02_s08_e01 21 [0, 3, 9, 13, 15, 19]
view_1 a02_s08_e02 35 [4, 8, 15, 22, 28, 29]
view_1 a02_s08_e03 56 [6, 17, 27, 33, 37, 46]
view_1 a02_s08_e04 51 [6, 14, 24, 30, 38, 49]
view_1 a02_s09_e00 55 [4, 11, 20, 34, 36, 50]
view_1 a02_s09_e01 38 [3, 11, 16, 22, 29, 35]
view_1 a02_s09_e02 60 [4, 13, 28, 37, 48, 56]
view_1 a02_s09_e03 45 [6, 7, 17, 23, 35, 40]
view_1 a02_s10_e00 50 [2, 10, 24, 32, 39, 44]
view_1 a02_s10_e01 81 [4, 16, 29, 51, 54, 71]
view_1 a02_s10_e02 51 [2, 13, 23, 26, 39, 46]
view_1 a02_s10_e03 71 [6, 15, 25, 45, 52, 68]
view_1 a02_s10_e04 36 [1, 8, 12, 20, 28, 31]
view_1 a02_s10_e05 51 [5, 11, 20, 27, 35, 48]
view_1 a03_s01_e00 106 [12, 27, 51, 62, 77, 91]
view_1 a03_s01_e01 131 [11, 31, 47, 78, 103, 123]
view_1 a03_s01_e02 99 [3, 17, 44, 51, 78, 95]
view_1 a03_s01_e03 113 [13, 31, 45, 62, 76, 106]
view_1 a03_s01_e04 69 [7, 15, 32, 40, 49, 63]
view_1 a03_s02_e00 31 [4, 9, 10, 17, 20, 26]
view_1 a03_s02_e01 28 [0, 6, 13, 14, 18, 25]
view_1 a03_s02_e02 26 [3, 6, 12, 15, 18, 24]
view_1 a03_s02_e03 50 [1, 13, 23, 31, 33, 46]
view_1 a03_s02_e04 33 [4, 8, 11, 20, 25, 31]
view_1 a03_s03_e00 37 [3, 9, 16, 21, 24, 30]
view_1 a03_s03_e01 33 [2, 8, 14, 20, 23, 27]
view_1 a03_s03_e02 62 [3, 15, 23, 38, 47, 55]
view_1 a03_s03_e03 36 [5, 9, 13, 23, 28, 33]
view_1 a03_s03_e04 42 [0, 9, 20, 26, 34, 40]
view_1 a03_s03_e05 30 [0, 5, 14, 15, 22, 28]
view_1 a03_s04_e00 36 [0, 8, 15, 23, 25, 33]
view_1 a03_s04_e01 39 [0, 12, 17, 24, 27, 36]
view_1 a03_s04_e02 46 [4, 13, 20, 29, 34, 41]
view_1 a03_s04_e03 47 [6, 7, 15, 24, 34, 39]
view_1 a03_s04_e04 36 [1, 9, 14, 23, 28, 35]
view_1 a03_s05_e00 63 [5, 15, 30, 37, 50, 55]
view_1 a03_s05_e01 56 [8, 11, 26, 34, 40, 52]
view_1 a03_s05_e02 85 [4, 15, 39, 53, 64, 71]
view_1 a03_s05_e03 31 [4, 6, 10, 15, 21, 25]
view_1 a03_s06_e00 28 [1, 7, 10, 16, 20, 25]
view_1 a03_s06_e02 23 [0, 4, 7, 11, 17, 21]
view_1 a03_s06_e03 25 [0, 4, 8, 14, 18, 21]
view_1 a03_s06_e04 24 [2, 4, 8, 14, 17, 22]
view_1 a03_s07_e00 29 [3, 8, 11, 16, 21, 25]
view_1 a03_s07_e01 18 [0, 3, 8, 11, 12, 17]
view_1 a03_s07_e02 29 [3, 4, 10, 14, 23, 27]
view_1 a03_s07_e03 62 [0, 16, 24, 39, 42, 54]
view_1 a03_s07_e04 28 [2, 6, 10, 15, 21, 23]
view_1 a03_s08_e00 42 [4, 7, 15, 27, 32, 38]
view_1 a03_s08_e01 55 [8, 9, 19, 29, 36, 45]
view_1 a03_s08_e02 61 [9, 12, 24, 32, 42, 51]
view_1 a03_s08_e03 33 [0, 8, 12, 19, 25, 28]
view_1 a03_s08_e04 31 [0, 8, 14, 18, 20, 26]
view_1 a03_s08_e05 51 [3, 11, 21, 26, 39, 43]
view_1 a03_s08_e06 25 [1, 4, 11, 13, 19, 20]
view_1 a03_s09_e00 22 [1, 6, 9, 12, 17, 18]
view_1 a03_s09_e01 6 [0, 1, 2, 3, 4, 5]
view_1 a03_s09_e02 19 [2, 3, 6, 9, 14, 15]
view_1 a03_s09_e03 29 [0, 4, 11, 15, 21, 25]
view_1 a03_s09_e04 38 [3, 10, 12, 19, 26, 36]
view_1 a03_s10_e00 52 [2, 12, 21, 32, 42, 51]
view_1 a03_s10_e01 31 [4, 9, 14, 19, 24, 27]
view_1 a03_s10_e02 60 [2, 16, 24, 39, 42, 57]
view_1 a03_s10_e03 43 [6, 13, 15, 22, 28, 35]
view_1 a03_s10_e04 165 [19, 50, 74, 102, 131, 158]
view_1 a04_s01_e00 140 [21, 25, 54, 70, 106, 120]
view_1 a04_s01_e01 107 [3, 21, 51, 56, 87, 100]
view_1 a04_s01_e02 44 [2, 10, 17, 25, 33, 43]
view_1 a04_s01_e03 84 [8, 20, 38, 43, 62, 71]
view_1 a04_s01_e04 120 [1, 32, 49, 61, 84, 111]
view_1 a04_s01_e05 50 [2, 8, 16, 31, 40, 47]
view_1 a04_s02_e00 25 [0, 5, 11, 13, 19, 24]
view_1 a04_s02_e01 48 [0, 14, 17, 29, 34, 47]
view_1 a04_s02_e02 120 [2, 28, 46, 62, 85, 106]
view_1 a04_s02_e03 51 [2, 14, 21, 31, 36, 49]
view_1 a04_s02_e04 28 [3, 7, 12, 14, 20, 23]
view_1 a04_s02_e05 57 [8, 11, 24, 33, 46, 56]
view_1 a04_s03_e00 33 [1, 7, 15, 18, 26, 27]
view_1 a04_s03_e01 33 [4, 8, 12, 19, 26, 32]
view_1 a04_s03_e02 97 [11, 26, 46, 48, 64, 96]
view_1 a04_s03_e03 76 [11, 23, 31, 39, 55, 75]
view_1 a04_s03_e04 51 [2, 16, 20, 29, 34, 48]
view_1 a04_s03_e05 44 [6, 8, 19, 27, 35, 42]
view_1 a04_s04_e00 30 [0, 5, 12, 19, 23, 28]
view_1 a04_s04_e01 26 [3, 6, 8, 13, 17, 21]
view_1 a04_s04_e02 46 [6, 11, 17, 27, 36, 45]
view_1 a04_s04_e03 31 [0, 6, 12, 17, 20, 27]
view_1 a04_s04_e04 38 [5, 10, 17, 22, 30, 32]
view_1 a04_s04_e05 34 [2, 8, 12, 18, 26, 33]
view_1 a04_s04_e06 28 [3, 5, 11, 14, 21, 23]
view_1 a04_s04_e07 37 [4, 6, 14, 20, 25, 30]
view_1 a04_s04_e08 36 [0, 11, 12, 18, 27, 35]
view_1 a04_s04_e09 36 [1, 9, 16, 20, 26, 35]
view_1 a04_s04_e10 22 [2, 3, 8, 11, 16, 18]
view_1 a04_s05_e00 83 [0, 19, 35, 53, 62, 79]
view_1 a04_s05_e01 40 [2, 6, 19, 25, 26, 38]
view_1 a04_s05_e02 75 [5, 22, 35, 42, 51, 67]
view_1 a04_s05_e03 31 [2, 9, 13, 19, 23, 27]
view_1 a04_s05_e04 49 [4, 14, 23, 26, 36, 48]
view_1 a04_s05_e05 56 [3, 16, 22, 30, 45, 52]
view_1 a04_s05_e06 31 [4, 8, 12, 19, 24, 28]
view_1 a04_s05_e07 41 [1, 11, 19, 25, 27, 36]
view_1 a04_s05_e08 28 [2, 6, 11, 14, 22, 24]
view_1 a04_s05_e09 38 [5, 8, 14, 21, 28, 32]
view_1 a04_s06_e00 67 [4, 12, 31, 42, 51, 66]
view_1 a04_s06_e01 35 [4, 8, 14, 18, 28, 31]
view_1 a04_s06_e02 120 [11, 25, 45, 61, 85, 108]
view_1 a04_s06_e03 161 [0, 29, 71, 99, 121, 143]
view_1 a04_s06_e04 23 [0, 3, 7, 13, 17, 22]
view_1 a04_s07_e00 117 [1, 23, 39, 63, 94, 102]
view_1 a04_s07_e01 97 [11, 29, 35, 56, 74, 87]
view_1 a04_s07_e02 78 [2, 22, 38, 44, 53, 77]
view_1 a04_s07_e03 109 [9, 28, 51, 65, 85, 92]
view_1 a04_s07_e04 89 [10, 17, 29, 47, 73, 74]
view_1 a04_s08_e00 86 [0, 14, 37, 48, 66, 74]
view_1 a04_s08_e01 77 [9, 17, 35, 43, 61, 67]
view_1 a04_s08_e02 97 [0, 17, 35, 53, 65, 81]
view_1 a04_s08_e03 79 [6, 19, 29, 42, 57, 70]
view_1 a04_s08_e04 71 [4, 21, 29, 43, 55, 66]
view_1 a04_s09_e00 112 [15, 20, 46, 61, 91, 109]
view_1 a04_s09_e01 79 [4, 13, 34, 43, 54, 72]
view_1 a04_s09_e02 68 [1, 20, 33, 44, 48, 57]
view_1 a04_s09_e03 43 [2, 9, 15, 27, 30, 37]
view_1 a04_s09_e04 54 [5, 17, 25, 30, 36, 52]
view_1 a04_s10_e00 12 [0, 2, 5, 6, 8, 11]
view_1 a04_s10_e01 30 [3, 9, 13, 16, 23, 27]
view_1 a04_s10_e02 35 [1, 6, 11, 18, 23, 31]
view_1 a04_s10_e03 20 [2, 5, 8, 10, 15, 17]
view_1 a04_s10_e04 21 [2, 4, 8, 11, 15, 20]
view_1 a05_s01_e00 24 [1, 5, 11, 15, 17, 22]
view_1 a05_s01_e01 21 [0, 3, 9, 13, 15, 18]
view_1 a05_s01_e02 26 [1, 5, 10, 13, 18, 23]
view_1 a05_s01_e03 31 [0, 8, 10, 19, 21, 27]
view_1 a05_s01_e04 26 [1, 4, 11, 14, 18, 21]
view_1 a05_s02_e00 40 [3, 9, 19, 21, 28, 37]
view_1 a05_s02_e01 17 [1, 2, 6, 8, 13, 15]
view_1 a05_s02_e02 19 [1, 5, 6, 11, 14, 17]
view_1 a05_s02_e03 26 [1, 5, 12, 15, 17, 23]
view_1 a05_s02_e04 21 [1, 5, 7, 12, 15, 18]
view_1 a05_s03_e00 46 [3, 9, 19, 23, 34, 42]
view_1 a05_s03_e01 54 [5, 16, 24, 34, 38, 46]
view_1 a05_s03_e02 40 [5, 12, 15, 22, 31, 34]
view_1 a05_s03_e03 26 [1, 6, 9, 14, 20, 22]
view_1 a05_s03_e04 20 [2, 3, 9, 12, 13, 18]
view_1 a05_s04_e00 49 [5, 8, 23, 31, 36, 42]
view_1 a05_s04_e01 30 [2, 5, 12, 18, 24, 25]
view_1 a05_s04_e02 26 [1, 6, 11, 15, 17, 21]
view_1 a05_s04_e03 27 [0, 4, 12, 13, 19, 22]
view_1 a05_s04_e04 27 [2, 6, 11, 16, 20, 24]
view_1 a05_s05_e00 65 [2, 19, 23, 39, 53, 60]
view_1 a05_s05_e01 31 [3, 6, 14, 18, 20, 27]
view_1 a05_s05_e02 21 [1, 6, 9, 10, 16, 20]
view_1 a05_s05_e03 21 [1, 4, 8, 11, 15, 20]
view_1 a05_s05_e04 26 [0, 7, 12, 13, 19, 21]
view_1 a05_s06_e00 39 [0, 10, 15, 19, 26, 36]
view_1 a05_s06_e01 18 [2, 5, 6, 10, 12, 17]
view_1 a05_s06_e02 19 [2, 5, 7, 10, 12, 18]
view_1 a05_s06_e03 19 [1, 3, 8, 9, 12, 15]
view_1 a05_s07_e01 35 [0, 9, 12, 22, 24, 33]
view_1 a05_s07_e02 21 [2, 5, 8, 11, 16, 17]
view_1 a05_s07_e03 34 [2, 6, 11, 20, 24, 33]
view_1 a05_s07_e04 20 [0, 5, 7, 12, 14, 17]
view_1 a05_s08_e00 31 [0, 9, 10, 16, 20, 29]
view_1 a05_s08_e01 35 [4, 6, 16, 18, 23, 29]
view_1 a05_s08_e02 13 [0, 3, 4, 7, 8, 10]
view_1 a05_s08_e03 29 [3, 6, 11, 17, 20, 28]
view_1 a05_s08_e04 19 [0, 4, 7, 9, 13, 15]
view_1 a05_s08_e05 31 [1, 5, 11, 17, 21, 28]
view_1 a05_s09_e00 20 [2, 5, 6, 12, 14, 18]
view_1 a05_s09_e01 33 [4, 10, 13, 18, 26, 30]
view_1 a05_s09_e02 22 [2, 5, 10, 13, 15, 21]
view_1 a05_s09_e03 38 [1, 7, 15, 23, 25, 33]
view_1 a05_s09_e04 39 [2, 11, 15, 24, 29, 32]
view_1 a05_s10_e00 59 [3, 15, 25, 34, 41, 56]
view_1 a05_s10_e01 36 [4, 7, 17, 22, 27, 34]
view_1 a05_s10_e02 28 [2, 7, 12, 15, 19, 26]
view_1 a05_s10_e03 46 [6, 9, 22, 27, 35, 40]
view_1 a05_s10_e04 29 [3, 4, 11, 16, 19, 26]
view_1 a05_s10_e05 48 [5, 15, 19, 26, 35, 45]
view_1 a06_s01_e00 32 [2, 7, 14, 18, 22, 29]
view_1 a06_s01_e01 26 [2, 5, 10, 15, 18, 22]
view_1 a06_s01_e02 30 [0, 9, 14, 16, 23, 25]
view_1 a06_s01_e03 26 [3, 5, 12, 15, 20, 22]
view_1 a06_s01_e04 30 [3, 8, 10, 18, 23, 26]
view_1 a06_s02_e00 34 [2, 5, 14, 20, 22, 28]
view_1 a06_s02_e01 38 [0, 8, 13, 24, 29, 32]
view_1 a06_s02_e02 30 [4, 8, 14, 17, 23, 26]
view_1 a06_s02_e03 21 [0, 4, 7, 12, 15, 18]
view_1 a06_s02_e04 32 [4, 9, 13, 18, 24, 29]
view_1 a06_s03_e00 35 [4, 9, 14, 18, 23, 33]
view_1 a06_s03_e01 31 [2, 5, 14, 16, 23, 26]
view_1 a06_s03_e02 70 [1, 22, 34, 44, 48, 69]
view_1 a06_s03_e03 40 [5, 11, 13, 20, 27, 36]
view_1 a06_s03_e04 30 [2, 8, 11, 17, 23, 25]
view_1 a06_s04_e00 49 [1, 8, 21, 27, 34, 41]
view_1 a06_s04_e01 31 [1, 9, 11, 18, 22, 30]
view_1 a06_s04_e02 25 [2, 7, 8, 12, 17, 24]
view_1 a06_s04_e03 19 [1, 3, 7, 11, 13, 17]
view_1 a06_s04_e04 29 [1, 6, 13, 16, 23, 28]
view_1 a06_s05_e00 30 [4, 8, 11, 18, 20, 27]
view_1 a06_s05_e01 20 [1, 3, 7, 10, 13, 18]
view_1 a06_s05_e02 21 [2, 6, 7, 10, 14, 18]
view_1 a06_s05_e03 18 [1, 5, 8, 11, 13, 17]
view_1 a06_s05_e04 15 [0, 3, 6, 9, 10, 14]
view_1 a06_s06_e00 27 [0, 6, 9, 16, 18, 26]
view_1 a06_s06_e01 20 [2, 5, 6, 12, 13, 19]
view_1 a06_s06_e02 21 [0, 4, 7, 13, 16, 18]
view_1 a06_s06_e03 28 [1, 5, 9, 14, 22, 24]
view_1 a06_s06_e04 30 [1, 5, 13, 16, 20, 29]
view_1 a06_s07_e00 20 [1, 3, 8, 10, 13, 19]
view_1 a06_s07_e01 29 [0, 4, 12, 18, 19, 26]
view_1 a06_s07_e02 41 [2, 12, 14, 23, 33, 37]
view_1 a06_s07_e03 32 [4, 9, 13, 17, 21, 27]
view_1 a06_s07_e04 38 [2, 10, 12, 21, 26, 32]
view_1 a06_s08_e00 15 [0, 4, 6, 7, 11, 13]
view_1 a06_s08_e01 17 [1, 2, 5, 9, 12, 15]
view_1 a06_s08_e02 20 [2, 4, 6, 10, 15, 17]
view_1 a06_s08_e03 24 [2, 4, 10, 15, 17, 20]
view_1 a06_s08_e04 17 [1, 4, 7, 8, 12, 14]
view_1 a06_s08_e05 19 [1, 5, 7, 10, 12, 16]
view_1 a06_s09_e00 82 [10, 20, 30, 45, 62, 71]
view_1 a06_s09_e01 69 [3, 22, 32, 44, 56, 62]
view_1 a06_s09_e02 50 [6, 11, 19, 29, 40, 48]
view_1 a06_s09_e03 44 [5, 8, 17, 26, 34, 43]
view_1 a06_s09_e04 35 [1, 9, 15, 20, 25, 30]
view_1 a06_s10_e00 35 [3, 7, 15, 19, 24, 29]
view_1 a06_s10_e01 30 [4, 9, 12, 17, 24, 29]
view_1 a06_s10_e02 35 [4, 10, 13, 18, 25, 30]
view_1 a06_s10_e03 37 [1, 7, 16, 19, 26, 34]
view_1 a06_s10_e04 42 [1, 11, 16, 24, 34, 37]
view_1 a06_s10_e05 20 [0, 3, 7, 11, 15, 17]
view_1 a08_s01_e00 111 [12, 18, 46, 73, 87, 94]
view_1 a08_s01_e01 81 [2, 18, 39, 40, 62, 75]
view_1 a08_s01_e02 84 [9, 19, 38, 46, 68, 83]
view_1 a08_s01_e03 130 [9, 23, 64, 68, 104, 120]
view_1 a08_s01_e04 141 [13, 46, 47, 78, 112, 125]
view_1 a08_s02_e00 116 [9, 21, 39, 75, 85, 103]
view_1 a08_s02_e01 106 [16, 24, 50, 69, 76, 101]
view_1 a08_s02_e02 163 [5, 46, 59, 85, 115, 144]
view_1 a08_s02_e03 100 [6, 29, 38, 56, 74, 83]
view_1 a08_s02_e04 106 [3, 31, 42, 67, 76, 97]
view_1 a08_s03_e00 84 [2, 25, 33, 45, 68, 74]
view_1 a08_s03_e01 86 [1, 21, 31, 56, 66, 83]
view_1 a08_s03_e02 83 [12, 19, 32, 47, 56, 78]
view_1 a08_s03_e03 157 [7, 37, 74, 90, 114, 133]
view_1 a08_s03_e04 51 [4, 14, 18, 30, 39, 44]
view_1 a08_s04_e00 99 [4, 17, 39, 50, 70, 90]
view_1 a08_s04_e01 109 [10, 24, 44, 60, 80, 108]
view_1 a08_s04_e02 124 [13, 20, 58, 65, 83, 117]
view_1 a08_s04_e03 125 [15, 34, 56, 63, 101, 107]
view_1 a08_s04_e04 146 [7, 33, 72, 89, 108, 132]
view_1 a08_s05_e00 110 [15, 27, 43, 60, 79, 99]
view_1 a08_s05_e01 135 [9, 38, 59, 80, 91, 134]
view_1 a08_s05_e02 73 [8, 21, 35, 37, 55, 68]
view_1 a08_s05_e03 90 [1, 19, 35, 45, 68, 84]
view_1 a08_s05_e04 80 [3, 25, 37, 48, 61, 66]
view_1 a08_s05_e05 54 [8, 16, 22, 34, 44, 48]
view_1 a08_s06_e00 103 [12, 22, 37, 58, 84, 92]
view_1 a08_s06_e01 152 [6, 37, 75, 84, 122, 130]
view_1 a08_s06_e02 90 [12, 25, 34, 47, 63, 76]
view_1 a08_s06_e03 175 [5, 44, 69, 110, 126, 158]
view_1 a08_s07_e00 72 [1, 16, 35, 38, 48, 69]
view_1 a08_s07_e01 155 [17, 37, 68, 77, 121, 129]
view_1 a08_s07_e02 95 [0, 15, 33, 47, 78, 87]
view_1 a08_s07_e03 86 [8, 15, 38, 50, 63, 74]
view_1 a08_s08_e00 56 [4, 16, 25, 33, 43, 55]
view_1 a08_s08_e01 90 [6, 20, 34, 59, 69, 87]
view_1 a08_s08_e02 61 [1, 15, 23, 39, 43, 60]
view_1 a08_s08_e03 82 [8, 22, 39, 47, 65, 76]
view_1 a08_s08_e04 92 [1, 29, 44, 58, 69, 89]
view_1 a08_s09_e00 120 [7, 20, 41, 64, 96, 105]
view_1 a08_s09_e01 153 [6, 40, 75, 96, 122, 139]
view_1 a08_s09_e02 148 [0, 29, 53, 93, 100, 125]
view_1 a08_s09_e03 125 [4, 33, 46, 66, 83, 119]
view_1 a08_s09_e04 88 [0, 20, 37, 48, 59, 75]
view_1 a08_s10_e00 91 [10, 16, 42, 53, 72, 86]
view_1 a08_s10_e01 100 [8, 20, 43, 65, 66, 95]
view_1 a08_s10_e02 102 [8, 18, 35, 54, 76, 86]
view_1 a08_s10_e03 70 [8, 13, 28, 37, 50, 68]
view_1 a08_s10_e04 123 [8, 33, 58, 72, 97, 115]
view_1 a09_s01_e00 97 [1, 22, 39, 60, 78, 81]
view_1 a09_s01_e01 106 [12, 34, 45, 56, 72, 101]
view_1 a09_s01_e02 130 [10, 31, 56, 84, 107, 108]
view_1 a09_s01_e03 100 [12, 20, 36, 57, 76, 88]
view_1 a09_s01_e04 50 [5, 14, 22, 32, 39, 45]
view_1 a09_s02_e00 40 [1, 8, 15, 20, 28, 39]
view_1 a09_s02_e01 67 [1, 19, 22, 39, 49, 64]
view_1 a09_s02_e02 54 [1, 16, 20, 29, 36, 51]
view_1 a09_s02_e03 66 [5, 12, 31, 35, 50, 64]
view_1 a09_s02_e04 84 [7, 24, 33, 51, 69, 75]
view_1 a09_s03_e00 105 [11, 34, 37, 68, 76, 98]
view_1 a09_s03_e01 61 [2, 11, 28, 31, 49, 54]
view_1 a09_s03_e02 48 [2, 9, 21, 26, 39, 42]
view_1 a09_s03_e03 49 [5, 15, 23, 29, 36, 43]
view_1 a09_s03_e04 75 [4, 20, 25, 40, 57, 73]
view_1 a09_s04_e00 99 [7, 32, 33, 51, 67, 96]
view_1 a09_s04_e01 74 [9, 14, 26, 41, 52, 70]
view_1 a09_s04_e02 73 [5, 22, 29, 45, 54, 66]
view_1 a09_s04_e03 63 [1, 18, 27, 39, 51, 59]
view_1 a09_s04_e04 139 [10, 41, 54, 74, 94, 130]
view_1 a09_s05_e00 86 [4, 22, 41, 56, 64, 76]
view_1 a09_s05_e01 60 [7, 15, 29, 37, 40, 51]
view_1 a09_s05_e02 61 [4, 14, 25, 35, 48, 56]
view_1 a09_s05_e03 96 [1, 17, 34, 58, 66, 86]
view_1 a09_s05_e04 60 [1, 12, 22, 38, 45, 54]
view_1 a09_s05_e05 88 [1, 28, 41, 53, 71, 80]
view_1 a09_s05_e06 57 [5, 18, 22, 36, 44, 53]
view_1 a09_s06_e00 80 [11, 14, 38, 44, 54, 77]
view_1 a09_s06_e01 41 [5, 8, 17, 21, 27, 36]
view_1 a09_s06_e02 31 [0, 5, 12, 18, 23, 30]
view_1 a09_s06_e03 44 [2, 13, 16, 28, 34, 39]
view_1 a09_s07_e00 63 [3, 10, 30, 40, 44, 52]
view_1 a09_s07_e01 77 [11, 14, 32, 38, 55, 68]
view_1 a09_s07_e02 64 [5, 11, 30, 41, 52, 63]
view_1 a09_s07_e03 47 [5, 14, 18, 28, 38, 42]
view_1 a09_s08_e00 71 [8, 17, 26, 35, 58, 68]
view_1 a09_s08_e01 84 [8, 18, 36, 49, 62, 81]
view_1 a09_s08_e02 100 [8, 32, 40, 59, 78, 88]
view_1 a09_s08_e03 85 [1, 27, 31, 53, 67, 71]
view_1 a09_s08_e04 76 [0, 13, 31, 46, 62, 68]
view_1 a09_s09_e00 128 [12, 41, 42, 75, 93, 126]
view_1 a09_s09_e01 179 [21, 30, 60, 113, 121, 176]
view_1 a09_s09_e02 192 [2, 32, 89, 115, 147, 166]
view_1 a09_s09_e03 150 [1, 40, 60, 95, 116, 129]
view_1 a09_s09_e04 81 [4, 14, 32, 47, 58, 78]
view_1 a09_s10_e00 76 [8, 14, 34, 38, 61, 69]
view_1 a09_s10_e01 65 [9, 19, 21, 37, 52, 64]
view_1 a09_s10_e02 45 [6, 14, 19, 28, 34, 44]
view_1 a09_s10_e03 58 [4, 13, 26, 34, 38, 52]
view_1 a09_s10_e04 66 [3, 16, 30, 33, 50, 55]
view_1 a11_s01_e00 51 [5, 12, 21, 31, 35, 46]
view_1 a11_s01_e01 31 [3, 5, 12, 15, 20, 25]
view_1 a11_s01_e02 26 [0, 5, 12, 14, 18, 23]
view_1 a11_s01_e03 45 [4, 12, 18, 23, 33, 40]
view_1 a11_s01_e04 21 [0, 6, 7, 11, 16, 19]
view_1 a11_s02_e00 25 [0, 4, 11, 15, 19, 22]
view_1 a11_s02_e01 8 [0, 1, 2, 4, 5, 7]
view_1 a11_s02_e02 35 [0, 6, 11, 21, 23, 34]
view_1 a11_s02_e03 29 [2, 5, 12, 15, 22, 26]
view_1 a11_s02_e04 38 [4, 9, 17, 20, 30, 31]
view_1 a11_s03_e00 41 [3, 7, 19, 24, 33, 37]
view_1 a11_s03_e01 31 [3, 8, 14, 19, 24, 25]
view_1 a11_s03_e02 21 [2, 5, 9, 13, 16, 17]
view_1 a11_s03_e03 36 [2, 11, 15, 23, 29, 30]
view_1 a11_s03_e04 26 [1, 7, 12, 13, 18, 22]
view_1 a11_s04_e00 27 [3, 7, 9, 15, 19, 23]
view_1 a11_s04_e01 26 [1, 5, 10, 13, 18, 21]
view_1 a11_s04_e02 37 [0, 9, 17, 22, 28, 35]
view_1 a11_s04_e03 51 [3, 16, 21, 28, 41, 43]
view_1 a11_s04_e04 51 [7, 13, 21, 32, 34, 49]
view_1 a11_s05_e00 32 [0, 9, 12, 16, 24, 29]
view_1 a11_s05_e01 53 [4, 10, 21, 34, 35, 47]
view_1 a11_s05_e02 20 [1, 4, 8, 12, 14, 16]
view_1 a11_s05_e03 41 [1, 11, 15, 25, 33, 34]
view_1 a11_s05_e04 41 [0, 6, 17, 22, 27, 37]
view_1 a11_s06_e00 33 [1, 6, 11, 20, 26, 31]
view_1 a11_s06_e01 18 [1, 5, 7, 9, 13, 16]
view_1 a11_s06_e02 21 [1, 5, 7, 11, 14, 19]
view_1 a11_s06_e03 22 [1, 3, 8, 13, 16, 20]
view_1 a11_s07_e00 26 [1, 5, 10, 14, 18, 21]
view_1 a11_s07_e01 10 [0, 1, 3, 5, 7, 9]
view_1 a11_s07_e02 38 [1, 9, 14, 23, 26, 36]
view_1 a11_s07_e03 13 [1, 2, 4, 7, 8, 11]
view_1 a11_s08_e00 15 [1, 2, 5, 9, 10, 14]
view_1 a11_s08_e01 19 [2, 5, 6, 11, 14, 16]
view_1 a11_s08_e02 32 [4, 7, 15, 16, 23, 26]
view_1 a11_s08_e03 46 [4, 8, 18, 24, 35, 38]
view_1 a11_s08_e04 65 [6, 10, 29, 40, 44, 57]
view_1 a11_s08_e05 34 [0, 8, 11, 20, 25, 31]
view_1 a11_s09_e00 12 [1, 3, 4, 6, 9, 10]
view_1 a11_s09_e01 26 [2, 5, 12, 16, 18, 24]
view_1 a11_s09_e02 42 [0, 8, 20, 27, 34, 37]
view_1 a11_s09_e03 19 [2, 5, 7, 10, 12, 17]
view_1 a11_s10_e00 50 [7, 14, 20, 30, 34, 44]
view_1 a11_s10_e01 38 [5, 7, 17, 21, 25, 36]
view_1 a11_s10_e02 22 [0, 3, 10, 12, 15, 19]
view_1 a11_s10_e03 49 [5, 12, 16, 29, 37, 45]
view_1 a11_s10_e04 55 [7, 9, 18, 34, 36, 47]
view_1 a11_s10_e05 21 [2, 3, 7, 13, 14, 18]
view_1 a12_s01_e00 62 [8, 16, 26, 39, 41, 58]
view_1 a12_s01_e01 45 [2, 12, 17, 25, 32, 40]
view_1 a12_s01_e02 58 [8, 11, 25, 36, 41, 54]
view_1 a12_s01_e03 57 [5, 16, 25, 37, 43, 50]
view_1 a12_s01_e04 61 [9, 17, 26, 36, 45, 53]
view_1 a12_s02_e00 38 [1, 11, 14, 20, 28, 34]
view_1 a12_s02_e01 45 [4, 10, 17, 26, 35, 38]
view_1 a12_s02_e02 63 [7, 17, 22, 38, 51, 62]
view_1 a12_s02_e03 77 [11, 19, 36, 41, 59, 71]
view_1 a12_s02_e04 53 [0, 12, 18, 32, 40, 47]
view_1 a12_s03_e00 31 [2, 7, 11, 18, 21, 26]
view_1 a12_s03_e01 54 [5, 10, 18, 32, 37, 49]
view_1 a12_s03_e02 26 [0, 6, 9, 15, 20, 22]
view_1 a12_s03_e03 31 [0, 5, 14, 19, 22, 29]
view_1 a12_s04_e00 65 [0, 13, 29, 36, 44, 54]
view_1 a12_s04_e01 31 [2, 9, 13, 19, 22, 27]
view_1 a12_s04_e02 41 [4, 6, 16, 20, 33, 34]
view_1 a12_s04_e03 41 [2, 8, 16, 21, 32, 40]
view_1 a12_s04_e04 37 [5, 7, 16, 23, 28, 32]
view_1 a12_s04_e05 42 [0, 8, 20, 27, 30, 37]
view_1 a12_s05_e00 32 [2, 8, 10, 17, 25, 28]
view_1 a12_s05_e01 30 [1, 5, 11, 16, 23, 27]
view_1 a12_s05_e02 45 [0, 7, 20, 22, 33, 39]
view_1 a12_s05_e03 40 [3, 12, 18, 22, 31, 34]
view_1 a12_s05_e04 41 [1, 8, 14, 21, 33, 35]
view_1 a12_s06_e00 23 [2, 5, 9, 14, 15, 21]
view_1 a12_s06_e01 21 [2, 4, 7, 12, 15, 17]
view_1 a12_s06_e02 22 [1, 3, 10, 11, 16, 20]
view_1 a12_s06_e03 26 [2, 6, 11, 16, 17, 23]
view_1 a12_s06_e04 18 [1, 4, 8, 10, 14, 15]
view_1 a12_s06_e05 43 [2, 10, 18, 26, 29, 37]
view_1 a12_s07_e00 34 [0, 9, 13, 21, 25, 29]
view_1 a12_s07_e01 32 [3, 7, 11, 18, 23, 28]
view_1 a12_s07_e02 25 [1, 7, 9, 13, 16, 20]
view_1 a12_s07_e03 21 [1, 3, 8, 12, 14, 17]
view_1 a12_s07_e04 19 [0, 3, 8, 10, 12, 17]
view_1 a12_s08_e00 44 [0, 8, 14, 26, 29, 38]
view_1 a12_s08_e01 32 [2, 8, 15, 19, 21, 27]
view_1 a12_s08_e02 29 [1, 7, 12, 14, 19, 27]
view_1 a12_s08_e03 26 [0, 6, 8, 14, 20, 21]
view_1 a12_s08_e04 26 [3, 7, 9, 13, 20, 21]
view_1 a12_s10_e00 31 [0, 9, 13, 16, 23, 29]
view_1 a12_s10_e01 37 [4, 7, 16, 19, 26, 32]
view_1 a12_s10_e02 66 [5, 12, 28, 37, 53, 63]
view_1 a12_s10_e03 40 [1, 7, 13, 22, 30, 37]
view_1 a12_s10_e04 57 [3, 15, 26, 34, 38, 50]
view_2 a01_s01_e00 30 [1, 9, 11, 15, 20, 26]
view_2 a01_s01_e01 28 [2, 7, 10, 14, 18, 25]
view_2 a01_s01_e02 31 [2, 6, 10, 18, 20, 25]
view_2 a01_s01_e03 39 [5, 12, 18, 19, 28, 37]
view_2 a01_s01_e04 29 [0, 7, 9, 14, 19, 26]
view_2 a01_s02_e00 23 [2, 3, 10, 14, 16, 19]
view_2 a01_s02_e01 21 [0, 4, 8, 13, 15, 20]
view_2 a01_s02_e02 23 [0, 4, 7, 13, 15, 22]
view_2 a01_s02_e03 24 [3, 6, 10, 13, 18, 23]
view_2 a01_s02_e04 21 [0, 4, 7, 10, 15, 20]
view_2 a01_s03_e00 26 [2, 4, 8, 15, 17, 21]
view_2 a01_s03_e01 42 [1, 13, 15, 27, 31, 39]
view_2 a01_s03_e02 61 [5, 11, 29, 36, 43, 58]
view_2 a01_s03_e03 53 [2, 15, 20, 28, 37, 51]
view_2 a01_s03_e04 46 [3, 8, 22, 29, 36, 44]
view_2 a01_s04_e00 26 [3, 7, 8, 15, 19, 23]
view_2 a01_s04_e01 41 [1, 7, 19, 26, 28, 35]
view_2 a01_s04_e02 26 [0, 6, 12, 13, 19, 21]
view_2 a01_s04_e03 34 [2, 10, 16, 19, 24, 28]
view_2 a01_s04_e04 36 [1, 11, 12, 23, 27, 30]
view_2 a01_s04_e05 29 [3, 6, 12, 14, 22, 28]
view_2 a01_s04_e06 24 [0, 6, 9, 14, 17, 20]
view_2 a01_s05_e00 27 [0, 5, 10, 14, 21, 25]
view_2 a01_s05_e01 35 [2, 9, 11, 18, 26, 31]
view_2 a01_s05_e02 19 [1, 4, 7, 11, 12, 15]
view_2 a01_s06_e00 21 [0, 6, 9, 10, 15, 19]
view_2 a01_s06_e01 24 [2, 6, 9, 12, 16, 20]
view_2 a01_s06_e02 21 [2, 4, 7, 12, 16, 18]
view_2 a01_s06_e04 17 [0, 3, 5, 8, 12, 16]
view_2 a01_s07_e00 21 [2, 3, 9, 11, 15, 17]
view_2 a01_s07_e01 27 [2, 7, 12, 17, 19, 25]
view_2 a01_s07_e02 23 [0, 6, 10, 11, 16, 20]
view_2 a01_s07_e03 26 [3, 4, 11, 14, 20, 23]
view_2 a01_s07_e04 21 [1, 3, 8, 10, 15, 17]
view_2 a01_s08_e00 21 [1, 3, 9, 11, 14, 19]
view_2 a01_s08_e01 26 [0, 7, 9, 13, 17, 21]
view_2 a01_s08_e02 33 [4, 5, 15, 19, 26, 32]
view_2 a01_s08_e03 31 [0, 9, 14, 19, 21, 29]
view_2 a01_s08_e04 21 [1, 4, 7, 11, 16, 17]
view_2 a01_s09_e00 31 [0, 7, 13, 18, 20, 25]
view_2 a01_s09_e01 26 [2, 7, 10, 14, 19, 22]
view_2 a01_s09_e02 22 [2, 5, 8, 13, 17, 19]
view_2 a01_s09_e03 24 [3, 6, 10, 15, 16, 21]
view_2 a01_s09_e04 28 [3, 7, 12, 16, 22, 26]
view_2 a01_s10_e00 28 [3, 6, 11, 15, 18, 27]
view_2 a01_s10_e01 21 [2, 5, 7, 10, 15, 18]
view_2 a01_s10_e02 26 [0, 5, 12, 15, 17, 24]
view_2 a01_s10_e03 25 [0, 4, 10, 15, 17, 24]
view_2 a01_s10_e04 21 [2, 6, 9, 13, 15, 20]
view_2 a02_s01_e00 39 [4, 8, 14, 23, 29, 35]
view_2 a02_s01_e01 30 [4, 7, 10, 18, 20, 25]
view_2 a02_s01_e02 28 [0, 6, 10, 17, 20, 25]
view_2 a02_s01_e03 40 [2, 6, 15, 24, 31, 34]
view_2 a02_s01_e04 38 [5, 8, 17, 21, 29, 32]
view_2 a02_s02_e00 42 [6, 10, 20, 25, 30, 40]
view_2 a02_s02_e01 26 [3, 5, 11, 14, 18, 25]
view_2 a02_s02_e02 31 [2, 7, 12, 15, 21, 29]
view_2 a02_s02_e03 29 [0, 6, 13, 14, 20, 26]
view_2 a02_s02_e04 28 [0, 6, 13, 16, 22, 23]
view_2 a02_s03_e00 46 [2, 7, 20, 26, 31, 44]
view_2 a02_s03_e01 45 [6, 10, 16, 29, 36, 41]
view_2 a02_s03_e02 58 [8, 13, 20, 36, 47, 52]
view_2 a02_s03_e03 56 [6, 15, 26, 28, 39, 51]
view_2 a02_s03_e04 62 [9, 14, 24, 31, 50, 59]
view_2 a02_s04_e00 46 [5, 7, 20, 23, 37, 38]
view_2 a02_s04_e01 31 [4, 8, 13, 15, 23, 27]
view_2 a02_s04_e02 33 [4, 7, 15, 20, 25, 28]
view_2 a02_s04_e03 31 [3, 6, 12, 16, 20, 29]
view_2 a02_s04_e04 34 [0, 9, 13, 17, 23, 32]
view_2 a02_s05_e00 28 [0, 4, 9, 16, 22, 23]
view_2 a02_s05_e01 34 [2, 7, 11, 19, 27, 29]
view_2 a02_s05_e02 26 [2, 7, 9, 15, 19, 24]
view_2 a02_s05_e03 21 [0, 3, 9, 11, 16, 18]
view_2 a02_s05_e04 29 [1, 4, 10, 16, 22, 24]
view_2 a02_s06_e00 18 [1, 3, 7, 9, 14, 15]
view_2 a02_s06_e01 16 [1, 3, 6, 8, 11, 14]
view_2 a02_s06_e02 21 [1, 4, 9, 12, 16, 17]
view_2 a02_s06_e03 21 [2, 6, 8, 13, 14, 17]
view_2 a02_s06_e04 21 [1, 6, 9, 11, 15, 19]
view_2 a02_s07_e00 31 [4, 7, 11, 15, 24, 28]
view_2 a02_s07_e01 31 [3, 5, 13, 18, 21, 30]
view_2 a02_s07_e02 31 [2, 5, 14, 18, 22, 26]
view_2 a02_s07_e03 44 [1, 10, 15, 25, 35, 36]
view_2 a02_s07_e04 36 [1, 8, 12, 20, 29, 35]
view_2 a02_s07_e05 31 [3, 8, 11, 16, 21, 27]
view_2 a02_s08_e00 26 [0, 7, 9, 13, 19, 25]
view_2 a02_s08_e01 21 [0, 4, 7, 11, 16, 17]
view_2 a02_s08_e02 21 [2, 4, 9, 12, 15, 18]
view_2 a02_s08_e03 21 [2, 4, 7, 10, 16, 18]
view_2 a02_s08_e04 36 [1, 6, 13, 19, 27, 31]
view_2 a02_s09_e00 37 [2, 6, 14, 20, 24, 34]
view_2 a02_s09_e01 40 [1, 7, 13, 22, 29, 34]
view_2 a02_s09_e02 43 [3, 11, 14, 24, 29, 40]
view_2 a02_s09_e03 31 [2, 9, 12, 16, 21, 30]
view_2 a02_s09_e04 51 [0, 9, 24, 30, 35, 43]
view_2 a02_s10_e00 38 [3, 11, 15, 19, 26, 36]
view_2 a02_s10_e01 32 [2, 9, 10, 18, 21, 31]
view_2 a02_s10_e02 31 [4, 9, 12, 18, 23, 29]
view_2 a02_s10_e04 29 [0, 5, 13, 14, 20, 24]
view_2 a03_s01_e00 33 [0, 6, 13, 20, 24, 32]
view_2 a03_s01_e01 24 [0, 6, 11, 14, 19, 22]
view_2 a03_s01_e02 31 [1, 6, 10, 18, 20, 26]
view_2 a03_s01_e03 36 [0, 11, 17, 23, 29, 35]
view_2 a03_s01_e04 36 [3, 10, 15, 18, 29, 34]
view_2 a03_s02_e00 32 [1, 5, 14, 17, 25, 30]
view_2 a03_s02_e01 36 [0, 11, 15, 18, 24, 31]
view_2 a03_s02_e02 22 [1, 4, 7, 11, 17, 21]
view_2 a03_s02_e03 39 [0, 7, 15, 20, 31, 35]
view_2 a03_s02_e04 24 [0, 5, 8, 15, 18, 20]
view_2 a03_s03_e00 41 [1, 9, 17, 21, 29, 40]
view_2 a03_s03_e01 47 [0, 10, 15, 25, 32, 44]
view_2 a03_s03_e02 32 [1, 8, 13, 17, 23, 26]
view_2 a03_s03_e03 43 [2, 13, 17, 23, 31, 35]
view_2 a03_s03_e04 35 [4, 7, 11, 20, 24, 31]
view_2 a03_s03_e05 33 [4, 5, 15, 17, 24, 29]
view_2 a03_s04_e00 26 [1, 5, 10, 14, 18, 21]
view_2 a03_s04_e01 39 [4, 10, 17, 20, 28, 32]
view_2 a03_s04_e02 27 [2, 4, 11, 16, 20, 22]
view_2 a03_s04_e03 31 [1, 9, 10, 19, 21, 26]
view_2 a03_s04_e04 29 [1, 6, 10, 16, 21, 24]
view_2 a03_s05_e00 20 [1, 3, 6, 10, 15, 16]
view_2 a03_s05_e01 41 [4, 7, 17, 21, 32, 35]
view_2 a03_s05_e02 36 [1, 8, 17, 21, 27, 30]
view_2 a03_s05_e03 26 [3, 6, 8, 14, 17, 23]
view_2 a03_s05_e04 39 [4, 10, 15, 21, 27, 38]
view_2 a03_s06_e00 23 [0, 3, 9, 13, 17, 21]
view_2 a03_s06_e01 17 [1, 4, 6, 10, 11, 15]
view_2 a03_s06_e02 15 [0, 4, 6, 8, 10, 14]
view_2 a03_s07_e00 21 [2, 4, 8, 11, 14, 17]
view_2 a03_s07_e01 11 [0, 1, 3, 5, 8, 9]
view_2 a03_s07_e02 17 [0, 2, 6, 9, 13, 14]
view_2 a03_s07_e03 11 [0, 2, 3, 6, 8, 9]
view_2 a03_s07_e04 11 [0, 2, 3, 5, 8, 9]
view_2 a03_s08_e00 22 [2, 4, 10, 11, 16, 20]
view_2 a03_s08_e01 21 [0, 4, 8, 11, 16, 18]
view_2 a03_s08_e02 21 [1, 5, 8, 10, 15, 20]
view_2 a03_s08_e03 14 [0, 2, 6, 7, 10, 11]
view_2 a03_s09_e00 26 [0, 5, 10, 16, 17, 24]
view_2 a03_s09_e02 26 [0, 6, 12, 15, 19, 21]
view_2 a03_s09_e04 21 [1, 3, 9, 12, 15, 17]
view_2 a03_s10_e00 17 [0, 2, 5, 8, 12, 14]
view_2 a03_s10_e01 21 [2, 6, 8, 13, 16, 18]
view_2 a03_s10_e02 28 [0, 7, 11, 14, 21, 23]
view_2 a03_s10_e03 13 [0, 2, 5, 7, 8, 11]
view_2 a04_s01_e00 43 [1, 7, 14, 24, 33, 40]
view_2 a04_s01_e01 83 [12, 24, 32, 54, 65, 72]
view_2 a04_s01_e02 38 [2, 9, 16, 22, 28, 36]
view_2 a04_s01_e03 30 [1, 5, 12, 16, 23, 29]
view_2 a04_s01_e04 26 [1, 6, 12, 13, 20, 25]
view_2 a04_s01_e05 38 [4, 11, 14, 20, 25, 35]
view_2 a04_s01_e06 31 [3, 9, 10, 17, 20, 26]
view_2 a04_s01_e07 34 [0, 8, 16, 18, 24, 31]
view_2 a04_s01_e08 83 [4, 15, 36, 54, 65, 71]
view_2 a04_s01_e09 33 [0, 8, 14, 19, 25, 27]
view_2 a04_s02_e00 57 [8, 15, 25, 33, 39, 55]
view_2 a04_s02_e01 113 [3, 27, 50, 57, 85, 109]
view_2 a04_s02_e02 106 [1, 27, 37, 62, 76, 105]
view_2 a04_s02_e03 45 [0, 13, 19, 25, 36, 39]
view_2 a04_s02_e04 25 [0, 4, 11, 14, 19, 21]
view_2 a04_s02_e05 61 [7, 19, 22, 38, 42, 52]
view_2 a04_s02_e06 28 [1, 8, 9, 17, 22, 26]
view_2 a04_s02_e07 47 [4, 9, 18, 29, 36, 42]
view_2 a04_s03_e00 28 [3, 6, 13, 17, 22, 24]
view_2 a04_s03_e01 29 [1, 4, 9, 17, 20, 26]
view_2 a04_s03_e02 108 [12, 25, 38, 63, 89, 102]
view_2 a04_s03_e03 44 [5, 8, 14, 25, 32, 37]
view_2 a04_s03_e04 49 [6, 9, 23, 27, 33, 40]
view_2 a04_s03_e05 42 [6, 8, 16, 24, 30, 39]
view_2 a04_s04_e00 46 [3, 12, 21, 27, 34, 39]
view_2 a04_s04_e01 35 [2, 9, 13, 21, 23, 32]
view_2 a04_s04_e02 34 [3, 8, 16, 21, 24, 33]
view_2 a04_s04_e03 61 [9, 13, 26, 38, 46, 58]
view_2 a04_s04_e04 53 [5, 14, 23, 34, 38, 47]
view_2 a04_s04_e05 132 [0, 33, 61, 80, 103, 131]
view_2 a04_s05_e00 36 [1, 9, 14, 21, 28, 34]
view_2 a04_s05_e01 26 [3, 7, 10, 13, 20, 22]
view_2 a04_s05_e02 29 [1, 5, 9, 18, 20, 25]
view_2 a04_s05_e03 31 [4, 9, 14, 18, 23, 26]
view_2 a04_s05_e04 30 [3, 8, 11, 18, 24, 25]
view_2 a04_s06_e00 18 [0, 3, 7, 9, 14, 15]
view_2 a04_s06_e01 16 [1, 4, 7, 9, 11, 15]
view_2 a04_s06_e02 16 [0, 3, 5, 8, 11, 15]
view_2 a04_s06_e03 12 [0, 2, 5, 7, 8, 10]
view_2 a04_s06_e04 21 [0, 5, 7, 10, 16, 19]
view_2 a04_s06_e05 24 [1, 5, 10, 13, 18, 23]
view_2 a04_s07_e00 23 [2, 6, 7, 13, 16, 19]
view_2 a04_s07_e01 21 [0, 3, 7, 12, 14, 18]
view_2 a04_s07_e02 18 [1, 4, 6, 11, 13, 15]
view_2 a04_s07_e03 21 [2, 5, 9, 13, 15, 20]
view_2 a04_s07_e04 21 [0, 6, 9, 11, 16, 18]
view_2 a04_s08_e00 31 [4, 5, 12, 16, 21, 28]
view_2 a04_s08_e01 21 [2, 6, 8, 13, 16, 20]
view_2 a04_s08_e02 21 [2, 5, 7, 13, 14, 18]
view_2 a04_s08_e03 16 [1, 4, 5, 8, 10, 15]
view_2 a04_s08_e04 36 [1, 8, 16, 18, 25, 30]
view_2 a04_s09_e00 26 [1, 5, 10, 13, 20, 25]
view_2 a04_s09_e01 21 [2, 5, 8, 11, 16, 20]
view_2 a04_s09_e02 16 [1, 3, 6, 8, 12, 14]
view_2 a04_s09_e03 26 [2, 7, 12, 13, 19, 25]
view_2 a04_s09_e04 36 [5, 11, 15, 19, 26, 35]
view_2 a04_s10_e00 21 [1, 4, 9, 11, 15, 20]
view_2 a04_s10_e01 23 [2, 6, 7, 13, 16, 19]
view_2 a04_s10_e02 21 [2, 4, 8, 12, 15, 19]
view_2 a04_s10_e03 16 [0, 3, 7, 9, 11, 15]
view_2 a05_s01_e00 26 [1, 5, 9, 14, 20, 25]
view_2 a05_s01_e01 24 [0, 5, 9, 12, 17, 21]
view_2 a05_s01_e02 31 [0, 5, 12, 19, 21, 29]
view_2 a05_s01_e03 31 [1, 8, 12, 16, 22, 29]
view_2 a05_s01_e04 21 [2, 6, 8, 11, 15, 20]
view_2 a05_s02_e00 36 [0, 11, 13, 21, 27, 35]
view_2 a05_s02_e01 36 [1, 8, 14, 22, 29, 33]
view_2 a05_s02_e02 27 [1, 6, 9, 14, 19, 25]
view_2 a05_s02_e03 28 [1, 4, 13, 16, 19, 24]
view_2 a05_s02_e04 22 [2, 6, 8, 11, 15, 21]
view_2 a05_s03_e00 22 [1, 5, 9, 11, 16, 20]
view_2 a05_s03_e01 28 [2, 8, 11, 16, 20, 25]
view_2 a05_s03_e02 21 [2, 3, 9, 10, 15, 20]
view_2 a05_s03_e03 26 [1, 5, 9, 15, 20, 23]
view_2 a05_s03_e04 26 [2, 6, 9, 14, 19, 25]
view_2 a05_s04_e00 19 [2, 5, 7, 9, 12, 15]
view_2 a05_s04_e01 26 [1, 5, 12, 16, 17, 21]
view_2 a05_s04_e02 46 [4, 14, 19, 25, 34, 44]
view_2 a05_s04_e03 22 [0, 6, 7, 13, 14, 21]
view_2 a05_s04_e04 21 [0, 6, 8, 11, 15, 17]
view_2 a05_s04_e05 21 [2, 4, 9, 11, 16, 18]
view_2 a05_s05_e00 41 [1, 7, 18, 20, 31, 38]
view_2 a05_s05_e01 23 [2, 4, 8, 12, 15, 20]
view_2 a05_s05_e02 17 [0, 4, 6, 8, 11, 14]
view_2 a05_s05_e03 25 [2, 4, 10, 13, 19, 24]
view_2 a05_s05_e04 17 [1, 2, 6, 8, 11, 14]
view_2 a05_s06_e00 23 [2, 6, 7, 12, 17, 19]
view_2 a05_s06_e01 14 [0, 3, 5, 8, 10, 11]
view_2 a05_s06_e02 16 [0, 2, 7, 9, 11, 15]
view_2 a05_s06_e03 30 [4, 7, 10, 15, 21, 25]
view_2 a05_s06_e04 21 [2, 4, 8, 11, 14, 19]
view_2 a05_s07_e00 16 [0, 3, 5, 8, 10, 14]
view_2 a05_s07_e01 21 [0, 4, 9, 10, 16, 18]
view_2 a05_s07_e02 36 [1, 9, 17, 23, 24, 31]
view_2 a05_s07_e03 16 [0, 4, 6, 8, 11, 14]
view_2 a05_s07_e04 21 [2, 4, 8, 12, 16, 20]
view_2 a05_s08_e00 26 [1, 4, 8, 13, 18, 24]
view_2 a05_s08_e01 21 [2, 4, 9, 13, 15, 19]
view_2 a05_s08_e02 16 [0, 4, 5, 9, 10, 13]
view_2 a05_s08_e03 26 [3, 7, 9, 13, 17, 23]
view_2 a05_s08_e04 21 [2, 4, 8, 11, 16, 18]
view_2 a05_s09_e00 21 [2, 6, 8, 13, 16, 18]
view_2 a05_s09_e01 31 [4, 7, 12, 15, 21, 26]
view_2 a05_s09_e02 21 [2, 4, 8, 13, 16, 18]
view_2 a05_s09_e03 21 [1, 5, 9, 11, 14, 20]
view_2 a05_s09_e04 21 [1, 4, 9, 11, 16, 17]
view_2 a05_s10_e00 26 [3, 6, 12, 15, 20, 22]
view_2 a05_s10_e01 21 [0, 3, 8, 13, 15, 19]
view_2 a05_s10_e02 21 [2, 6, 9, 11, 14, 17]
view_2 a05_s10_e03 21 [1, 5, 8, 12, 14, 20]
view_2 a05_s10_e04 21 [2, 3, 7, 10, 16, 18]
view_2 a06_s01_e00 21 [1, 5, 8, 10, 15, 19]
view_2 a06_s01_e01 21 [2, 4, 8, 10, 14, 18]
view_2 a06_s01_e02 11 [0, 2, 4, 6, 8, 9]
view_2 a06_s01_e03 16 [0, 2, 5, 8, 11, 14]
view_2 a06_s01_e04 21 [2, 5, 7, 10, 14, 17]
view_2 a06_s02_e00 25 [3, 6, 10, 15, 16, 23]
view_2 a06_s02_e01 13 [0, 2, 5, 6, 8, 11]
view_2 a06_s02_e02 11 [0, 1, 4, 6, 8, 10]
view_2 a06_s02_e03 13 [0, 3, 5, 7, 8, 12]
view_2 a06_s02_e04 14 [1, 2, 6, 8, 9, 11]
view_2 a06_s03_e00 24 [3, 5, 11, 13, 18, 23]
view_2 a06_s03_e01 25 [2, 6, 9, 12, 17, 20]
view_2 a06_s03_e02 16 [0, 4, 7, 9, 11, 15]
view_2 a06_s03_e03 16 [1, 2, 7, 8, 10, 13]
view_2 a06_s03_e04 12 [0, 3, 4, 7, 9, 10]
view_2 a06_s04_e00 18 [0, 4, 8, 11, 12, 17]
view_2 a06_s04_e01 21 [0, 4, 7, 12, 14, 17]
view_2 a06_s04_e02 41 [4, 7, 19, 26, 33, 37]
view_2 a06_s04_e03 24 [0, 4, 8, 15, 17, 22]
view_2 a06_s04_e04 20 [2, 4, 6, 11, 13, 17]
view_2 a06_s05_e00 30 [0, 8, 11, 15, 20, 25]
view_2 a06_s05_e01 21 [1, 5, 7, 13, 14, 18]
view_2 a06_s05_e02 21 [0, 5, 9, 13, 16, 20]
view_2 a06_s05_e03 15 [0, 4, 5, 8, 11, 12]
view_2 a06_s05_e04 16 [1, 3, 7, 8, 10, 15]
view_2 a06_s06_e00 16 [0, 3, 7, 8, 10, 13]
view_2 a06_s06_e01 16 [0, 3, 6, 9, 11, 14]
view_2 a06_s06_e02 18 [2, 3, 6, 11, 12, 17]
view_2 a06_s06_e03 13 [0, 2, 5, 7, 8, 11]
view_2 a06_s06_e04 16 [1, 4, 5, 8, 10, 15]
view_2 a06_s07_e00 15 [1, 4, 6, 8, 11, 14]
view_2 a06_s07_e01 21 [1, 5, 9, 12, 14, 17]
view_2 a06_s07_e02 21 [1, 4, 8, 12, 16, 18]
view_2 a06_s07_e03 21 [0, 4, 8, 10, 16, 17]
view_2 a06_s07_e04 19 [1, 3, 8, 11, 13, 15]
view_2 a06_s08_e00 19 [0, 3, 8, 11, 13, 17]
view_2 a06_s08_e01 16 [1, 2, 5, 9, 10, 13]
view_2 a06_s08_e02 16 [1, 4, 5, 9, 10, 13]
view_2 a06_s08_e03 21 [0, 6, 7, 12, 14, 19]
view_2 a06_s08_e04 21 [1, 5, 9, 11, 14, 17]
view_2 a06_s09_e00 16 [0, 2, 7, 9, 10, 15]
view_2 a06_s09_e01 16 [0, 3, 7, 9, 11, 14]
view_2 a06_s09_e02 16 [1, 3, 7, 8, 10, 14]
view_2 a06_s09_e03 21 [1, 3, 7, 11, 14, 18]
view_2 a06_s09_e04 16 [0, 4, 6, 9, 12, 14]
view_2 a06_s10_e00 26 [3, 5, 8, 15, 19, 22]
view_2 a06_s10_e01 17 [0, 3, 7, 10, 11, 14]
view_2 a06_s10_e02 21 [1, 3, 8, 11, 16, 19]
view_2 a06_s10_e03 21 [0, 6, 8, 10, 16, 19]
view_2 a06_s10_e04 21 [1, 4, 7, 11, 14, 20]
view_2 a08_s01_e00 146 [23, 47, 54, 74, 114, 139]
view_2 a08_s01_e01 91 [6, 29, 33, 55, 68, 75]
view_2 a08_s01_e02 83 [4, 22, 33, 51, 67, 69]
view_2 a08_s01_e03 80 [2, 24, 35, 49, 65, 75]
view_2 a08_s01_e04 81 [12, 13, 38, 45, 60, 72]
view_2 a08_s02_e00 111 [6, 23, 42, 62, 77, 93]
view_2 a08_s02_e01 145 [6, 42, 57, 88, 117, 135]
view_2 a08_s02_e02 134 [3, 39, 56, 67, 91, 128]
view_2 a08_s02_e03 113 [0, 30, 53, 66, 89, 104]
view_2 a08_s02_e04 102 [5, 21, 34, 66, 81, 97]
view_2 a08_s03_e00 116 [18, 29, 54, 65, 85, 96]
view_2 a08_s03_e01 81 [8, 15, 39, 46, 62, 72]
view_2 a08_s03_e02 67 [7, 18, 23, 39, 44, 60]
view_2 a08_s03_e03 71 [6, 14, 23, 37, 48, 68]
view_2 a08_s03_e04 59 [6, 15, 25, 34, 42, 58]
view_2 a08_s04_e00 86 [13, 21, 42, 46, 64, 85]
view_2 a08_s04_e01 126 [3, 23, 44, 63, 93, 124]
view_2 a08_s04_e02 116 [9, 20, 38, 66, 88, 104]
view_2 a08_s04_e03 121 [2, 22, 51, 71, 96, 108]
view_2 a08_s04_e04 124 [4, 38, 42, 69, 91, 109]
view_2 a08_s05_e00 61 [3, 18, 28, 39, 41, 55]
view_2 a08_s05_e01 59 [5, 16, 28, 37, 42, 57]
view_2 a08_s05_e02 51 [2, 11, 20, 31, 38, 49]
view_2 a08_s05_e03 46 [3, 7, 18, 26, 37, 40]
view_2 a08_s05_e04 45 [2, 13, 18, 23, 31, 41]
view_2 a08_s05_e05 44 [0, 10, 19, 25, 31, 41]
view_2 a08_s05_e06 24 [1, 7, 8, 12, 19, 22]
view_2 a08_s06_e00 86 [5, 15, 29, 47, 68, 79]
view_2 a08_s06_e01 116 [5, 25, 50, 68, 80, 113]
view_2 a08_s06_e02 83 [10, 17, 28, 46, 55, 70]
view_2 a08_s06_e03 103 [10, 33, 41, 67, 83, 92]
view_2 a08_s07_e00 53 [7, 14, 24, 27, 39, 46]
view_2 a08_s07_e01 104 [5, 26, 46, 60, 79, 89]
view_2 a08_s07_e02 40 [5, 8, 17, 22, 26, 34]
view_2 a08_s07_e03 54 [5, 10, 21, 30, 37, 47]
view_2 a08_s08_e00 58 [0, 10, 23, 34, 45, 48]
view_2 a08_s08_e01 49 [2, 8, 19, 25, 35, 48]
view_2 a08_s08_e02 53 [7, 9, 20, 32, 43, 47]
view_2 a08_s08_e03 56 [8, 13, 23, 32, 39, 55]
view_2 a08_s08_e04 61 [2, 13, 28, 37, 44, 50]
view_2 a08_s09_e00 71 [7, 15, 27, 41, 58, 61]
view_2 a08_s09_e01 62 [9, 18, 24, 40, 50, 61]
view_2 a08_s09_e02 76 [9, 12, 35, 47, 52, 69]
view_2 a08_s09_e03 66 [10, 17, 27, 42, 47, 58]
view_2 a08_s09_e04 56 [4, 11, 22, 31, 40, 55]
view_2 a08_s10_e00 67 [10, 18, 25, 37, 47, 62]
view_2 a08_s10_e01 91 [2, 22, 36, 59, 60, 77]
view_2 a08_s10_e02 56 [8, 10, 20, 32, 45, 55]
view_2 a08_s10_e03 61 [7, 16, 27, 37, 41, 51]
view_2 a08_s10_e04 66 [5, 17, 25, 43, 49, 58]
view_2 a09_s01_e00 42 [4, 12, 17, 21, 31, 37]
view_2 a09_s01_e01 55 [2, 15, 21, 34, 42, 54]
view_2 a09_s01_e02 67 [2, 16, 26, 37, 47, 63]
view_2 a09_s01_e03 56 [8, 13, 18, 34, 43, 48]
view_2 a09_s01_e04 65 [6, 16, 21, 38, 47, 55]
view_2 a09_s02_e00 32 [3, 7, 12, 17, 23, 31]
view_2 a09_s02_e01 33 [4, 7, 11, 20, 25, 29]
view_2 a09_s02_e02 46 [0, 12, 18, 26, 30, 40]
view_2 a09_s02_e03 46 [6, 12, 22, 26, 36, 43]
view_2 a09_s02_e04 49 [7, 14, 20, 26, 39, 41]
view_2 a09_s03_e00 88 [2, 16, 36, 55, 58, 81]
view_2 a09_s03_e01 42 [4, 7, 14, 23, 28, 36]
view_2 a09_s03_e02 58 [0, 12, 24, 36, 40, 50]
view_2 a09_s03_e03 58 [2, 10, 19, 34, 46, 49]
view_2 a09_s03_e04 61 [6, 11, 26, 33, 47, 58]
view_2 a09_s04_e00 84 [12, 27, 32, 45, 63, 82]
view_2 a09_s04_e01 74 [2, 23, 36, 41, 50, 73]
view_2 a09_s04_e02 61 [6, 15, 25, 30, 44, 51]
view_2 a09_s04_e03 61 [9, 19, 26, 38, 41, 55]
view_2 a09_s04_e04 138 [16, 36, 64, 84, 107, 124]
view_2 a09_s05_e00 70 [8, 14, 24, 41, 46, 60]
view_2 a09_s05_e01 65 [2, 15, 31, 37, 48, 64]
view_2 a09_s05_e02 51 [1, 10, 22, 32, 38, 46]
view_2 a09_s05_e03 46 [6, 12, 18, 28, 30, 44]
view_2 a09_s05_e04 66 [6, 14, 28, 37, 52, 56]
view_2 a09_s05_e05 48 [6, 11, 16, 25, 37, 41]
view_2 a09_s06_e00 68 [9, 13, 24, 34, 47, 59]
view_2 a09_s06_e01 33 [1, 9, 14, 19, 25, 29]
view_2 a09_s06_e02 39 [5, 9, 17, 24, 27, 33]
view_2 a09_s06_e03 47 [6, 7, 18, 28, 31, 43]
view_2 a09_s07_e00 31 [3, 5, 13, 18, 22, 25]
view_2 a09_s07_e01 36 [3, 7, 14, 20, 27, 30]
view_2 a09_s07_e02 29 [0, 5, 12, 17, 23, 28]
view_2 a09_s07_e03 35 [4, 8, 13, 17, 25, 33]
view_2 a09_s08_e00 41 [2, 10, 13, 23, 28, 34]
view_2 a09_s08_e01 40 [1, 9, 13, 22, 27, 34]
view_2 a09_s08_e02 36 [3, 6, 13, 20, 27, 33]
view_2 a09_s08_e03 41 [1, 9, 14, 25, 29, 37]
view_2 a09_s08_e04 48 [3, 8, 19, 29, 33, 46]
view_2 a09_s09_e00 51 [2, 14, 23, 26, 34, 44]
view_2 a09_s09_e01 41 [0, 9, 14, 24, 28, 39]
view_2 a09_s09_e02 57 [3, 10, 27, 28, 41, 47]
view_2 a09_s09_e03 51 [6, 9, 17, 25, 41, 48]
view_2 a09_s09_e04 36 [3, 11, 12, 19, 29, 34]
view_2 a09_s10_e00 41 [2, 10, 17, 20, 28, 39]
view_2 a09_s10_e01 49 [5, 12, 22, 28, 39, 42]
view_2 a09_s10_e02 41 [3, 8, 19, 22, 29, 34]
view_2 a09_s10_e03 31 [0, 6, 14, 18, 21, 25]
view_2 a09_s10_e04 36 [5, 7, 17, 20, 28, 33]
view_2 a11_s01_e00 31 [3, 5, 10, 16, 20, 30]
view_2 a11_s01_e01 26 [3, 7, 8, 16, 19, 22]
view_2 a11_s01_e02 21 [1, 6, 9, 10, 14, 17]
view_2 a11_s01_e03 31 [2, 7, 10, 16, 22, 29]
view_2 a11_s01_e04 21 [2, 4, 8, 13, 16, 20]
view_2 a11_s02_e00 40 [5, 11, 17, 21, 31, 35]
view_2 a11_s02_e01 32 [0, 7, 13, 17, 21, 26]
view_2 a11_s02_e02 33 [3, 10, 11, 21, 22, 30]
view_2 a11_s02_e03 26 [0, 6, 10, 15, 19, 23]
view_2 a11_s02_e04 35 [1, 7, 12, 20, 26, 31]
view_2 a11_s03_e00 40 [4, 12, 18, 23, 28, 33]
view_2 a11_s03_e01 23 [0, 4, 8, 12, 17, 22]
view_2 a11_s03_e02 36 [1, 11, 17, 19, 24, 31]
view_2 a11_s03_e03 21 [1, 6, 7, 13, 15, 17]
view_2 a11_s03_e04 12 [1, 3, 5, 7, 9, 10]
view_2 a11_s04_e00 32 [4, 8, 14, 17, 23, 26]
view_2 a11_s04_e01 15 [1, 4, 6, 7, 10, 13]
view_2 a11_s04_e02 33 [2, 7, 14, 19, 22, 27]
view_2 a11_s04_e03 32 [3, 9, 13, 20, 22, 26]
view_2 a11_s05_e00 27 [3, 8, 11, 14, 21, 23]
view_2 a11_s05_e01 35 [1, 6, 15, 19, 26, 30]
view_2 a11_s05_e02 31 [4, 9, 12, 17, 21, 26]
view_2 a11_s05_e03 34 [1, 7, 11, 19, 22, 32]
view_2 a11_s05_e04 31 [4, 7, 12, 15, 20, 28]
view_2 a11_s05_e05 29 [0, 6, 13, 17, 21, 28]
view_2 a11_s06_e00 27 [3, 5, 10, 13, 21, 23]
view_2 a11_s06_e01 17 [1, 2, 5, 9, 12, 15]
view_2 a11_s06_e02 16 [1, 3, 5, 8, 11, 13]
view_2 a11_s06_e03 17 [1, 2, 5, 10, 12, 14]
view_2 a11_s06_e04 8 [0, 1, 2, 4, 5, 6]
view_2 a11_s07_e00 26 [2, 4, 9, 14, 20, 23]
view_2 a11_s07_e01 15 [1, 4, 6, 8, 10, 14]
view_2 a11_s07_e02 21 [0, 5, 8, 10, 14, 17]
view_2 a11_s07_e03 21 [1, 6, 9, 13, 15, 17]
view_2 a11_s07_e04 17 [1, 4, 7, 9, 11, 16]
view_2 a11_s08_e00 35 [3, 8, 11, 22, 28, 32]
view_2 a11_s08_e01 22 [1, 4, 10, 13, 17, 19]
view_2 a11_s08_e02 17 [0, 4, 7, 10, 11, 14]
view_2 a11_s08_e03 21 [1, 4, 8, 11, 15, 17]
view_2 a11_s08_e04 16 [1, 4, 7, 8, 10, 15]
view_2 a11_s09_e00 11 [0, 1, 4, 6, 7, 9]
view_2 a11_s09_e01 14 [1, 3, 5, 7, 9, 12]
view_2 a11_s09_e02 25 [3, 5, 9, 13, 17, 20]
view_2 a11_s09_e03 11 [0, 1, 4, 5, 8, 9]
view_2 a11_s09_e04 21 [2, 6, 7, 12, 15, 18]
view_2 a11_s10_e00 21 [0, 6, 8, 10, 16, 17]
view_2 a11_s10_e01 31 [0, 9, 14, 16, 23, 28]
view_2 a11_s10_e02 56 [7, 15, 23, 33, 38, 48]
view_2 a11_s10_e03 21 [1, 3, 7, 11, 16, 19]
view_2 a12_s01_e00 21 [2, 4, 8, 11, 15, 18]
view_2 a12_s01_e01 47 [1, 13, 20, 27, 34, 42]
view_2 a12_s01_e02 27 [0, 4, 9, 17, 21, 25]
view_2 a12_s01_e03 41 [4, 6, 15, 24, 31, 37]
view_2 a12_s01_e04 37 [0, 6, 14, 22, 29, 31]
view_2 a12_s02_e00 50 [7, 10, 16, 25, 38, 47]
view_2 a12_s02_e01 40 [3, 9, 14, 21, 31, 37]
view_2 a12_s02_e02 38 [2, 8, 13, 21, 28, 33]
view_2 a12_s02_e03 27 [2, 8, 9, 15, 21, 24]
view_2 a12_s02_e04 37 [0, 10, 14, 21, 29, 31]
view_2 a12_s03_e00 41 [3, 9, 17, 21, 32, 38]
view_2 a12_s03_e01 44 [5, 7, 20, 23, 30, 40]
view_2 a12_s03_e02 39 [5, 9, 17, 21, 26, 36]
view_2 a12_s03_e03 39 [0, 11, 15, 23, 27, 34]
view_2 a12_s03_e04 46 [5, 14, 15, 28, 30, 43]
view_2 a12_s03_e05 33 [0, 10, 15, 18, 24, 28]
view_2 a12_s04_e00 46 [6, 10, 20, 29, 36, 38]
view_2 a12_s04_e01 36 [3, 7, 13, 22, 27, 30]
view_2 a12_s04_e02 23 [1, 6, 7, 13, 18, 19]
view_2 a12_s04_e03 35 [2, 5, 16, 17, 27, 29]
view_2 a12_s04_e04 36 [4, 11, 17, 22, 26, 35]
view_2 a12_s04_e05 30 [3, 6, 12, 17, 23, 29]
view_2 a12_s05_e00 31 [4, 6, 14, 17, 21, 27]
view_2 a12_s05_e01 31 [0, 6, 11, 15, 22, 26]
view_2 a12_s05_e02 28 [1, 5, 10, 16, 21, 24]
view_2 a12_s05_e03 33 [3, 6, 11, 21, 22, 30]
view_2 a12_s05_e04 36 [2, 11, 16, 19, 26, 31]
view_2 a12_s06_e01 16 [1, 2, 7, 9, 11, 14]
view_2 a12_s06_e02 26 [2, 5, 10, 14, 19, 24]
view_2 a12_s06_e03 14 [0, 3, 6, 8, 9, 11]
view_2 a12_s06_e04 11 [0, 1, 4, 5, 8, 9]
view_2 a12_s07_e00 18 [1, 5, 8, 9, 12, 16]
view_2 a12_s07_e01 14 [0, 2, 5, 7, 9, 11]
view_2 a12_s07_e02 11 [0, 1, 3, 5, 7, 9]
view_2 a12_s07_e03 16 [1, 4, 7, 9, 10, 14]
view_2 a12_s07_e04 11 [0, 2, 4, 6, 8, 10]
view_2 a12_s08_e00 13 [1, 2, 4, 7, 8, 10]
view_2 a12_s08_e01 14 [1, 3, 6, 7, 9, 11]
view_2 a12_s08_e02 16 [0, 3, 7, 9, 10, 13]
view_2 a12_s08_e03 13 [1, 2, 4, 6, 8, 12]
view_2 a12_s08_e04 14 [1, 2, 5, 8, 9, 11]
view_2 a12_s09_e00 21 [1, 4, 7, 11, 15, 17]
view_2 a12_s09_e01 16 [0, 3, 6, 9, 10, 13]
view_2 a12_s09_e02 21 [2, 5, 8, 10, 14, 18]
view_2 a12_s09_e03 16 [0, 3, 7, 8, 11, 14]
view_2 a12_s09_e04 16 [1, 2, 5, 9, 10, 15]
view_2 a12_s10_e00 21 [2, 5, 8, 13, 14, 20]
view_2 a12_s10_e01 21 [1, 5, 8, 13, 15, 20]
view_2 a12_s10_e02 16 [0, 4, 5, 8, 11, 13]
view_2 a12_s10_e03 21 [2, 5, 7, 11, 14, 17]
view_2 a12_s10_e04 14 [1, 3, 5, 8, 10, 13]
